# Waketime [ns]	 	DipolX [V/pC/mm]	  	DipolY [V/pC/mm]	 	QuadX [V/pC/mm]	 	QuadY [V/pC/mm]
0.00000000000000	0.00000000000000	0.00000000000000	0.00000000000000	0.00000000000000
0.01000000000000	16.09245826500961	21.44420635844473	-7.75135734298902	5.28887595177774
0.02000000000000	16.70843186785855	23.67154372871873	-8.45212176096013	5.98071659437123
0.03000000000000	17.02733445169830	25.61472742909244	-9.11008266867579	6.62747155339798
0.04000000000000	16.99085794729100	27.13274354411453	-9.63166968566138	7.18654411284369
0.05000000000000	16.79232290547084	28.28743419929112	-10.08750893047448	7.62874612410047
0.06000000000000	16.45270441110856	29.04107117378608	-10.43698489058857	7.93398283994634
0.07000000000000	16.01613902824156	29.39679155735208	-10.66238378154491	8.07727815352180
0.08000000000000	15.63911480430799	29.44107544272030	-10.81940907641069	8.09992295236272
0.09000000000000	15.20039371763014	29.13180552347935	-10.83126041554671	7.96604275271793
0.10000000000000	14.82588656748649	28.57979917753979	-10.77205807803539	7.74437388132296
0.11000000000000	14.49827672815866	27.80947172757172	-10.63176286026370	7.44887720067764
0.12000000000000	14.14033659394549	26.82169712680867	-10.39550208398378	7.09475903636566
0.13000000000000	13.81754142571583	25.70448245625303	-10.11720627525990	6.72938182082064
0.14000000000000	13.42576647065317	24.42531859619598	-9.76750765114033	6.35367566592143
0.15000000000000	12.99970572888287	23.04045264903114	-9.38413846386519	5.99689011295769
0.16000000000000	12.52033956546348	21.57163915532392	-8.97456328883380	5.66252806400695
0.17000000000000	11.96291845718813	20.00703279549296	-8.53634999002859	5.36402137017886
0.18000000000000	11.36617660233636	18.41058235995175	-8.09407809128045	5.09557469725547
0.19000000000000	10.72232958247682	16.78324478658949	-7.64659005710660	4.86215834660752
0.20000000000000	10.05546849067291	15.16538332626660	-7.20601048294216	4.65856058215695
0.21000000000000	9.37175198856971	13.58777978956602	-6.77096554379823	4.47217087511570
0.22000000000000	8.70717747862856	12.07788317215833	-6.35690882938405	4.30915134015946
0.23000000000000	8.04843937204835	10.66796518450664	-5.95583915482115	4.14838323471181
0.24000000000000	7.40999486951086	9.37995450177777	-5.57430542664655	3.98848128572941
0.25000000000000	6.80668207435085	8.23814713823095	-5.21814485970525	3.82280373772032
0.26000000000000	6.21464670568254	7.24207441484148	-4.87674686796711	3.64351038148593
0.27000000000000	5.66944702855546	6.41148674388726	-4.56747455137638	3.45226942738715
0.28000000000000	5.14018531824779	5.72799676894024	-4.27663239785448	3.24521630253275
0.29000000000000	4.63435968853869	5.18147005954636	-4.00696988951829	3.02604690042655
0.30000000000000	4.17024157793042	4.76544757748183	-3.76611549819114	2.79833098863527
0.31000000000000	3.72057457968840	4.44088962039624	-3.54010616048359	2.56728496817132
0.32000000000000	3.31373893801968	4.20112665368908	-3.34017275599205	2.33814395480236
0.33000000000000	2.93435211499951	4.01327687943643	-3.15749385780491	2.11650488115884
0.34000000000000	2.57847492028017	3.85346618107136	-2.98884482897700	1.90791713332346
0.35000000000000	2.26626963498555	3.71969330454652	-2.84192149702446	1.71366613883895
0.36000000000000	1.97032334822218	3.58151160927623	-2.70359395688711	1.53870582295447
0.37000000000000	1.70429393700887	3.44293910203024	-2.57909383901363	1.38244831492333
0.38000000000000	1.46190908183194	3.29768686496719	-2.46466324512595	1.24489501812469
0.39000000000000	1.23333717780121	3.13932496144454	-2.35550073110339	1.12667117954906
0.40000000000000	1.03655361767250	2.98363204191292	-2.25802932530815	1.02157001951557
0.41000000000000	0.85300398863106	2.81833533389454	-2.16365745250155	0.93099471815489
0.42000000000000	0.69075597899216	2.65058817878151	-2.07499515741320	0.85047839501892
0.43000000000000	0.55103155580128	2.48159501095324	-1.99208479341147	0.77708840353769
0.44000000000000	0.42578922512234	2.30462052762263	-1.91229211201402	0.71170492377054
0.45000000000000	0.32398284931438	2.12603601100898	-1.83964781036371	0.65090180061912
0.46000000000000	0.23475044307995	1.93733051889916	-1.77186723866330	0.59879009724853
0.47000000000000	0.15743854594919	1.73806953378389	-1.71053037464955	0.55755238712295
0.48000000000000	0.09272990738308	1.52967650897382	-1.65738400088871	0.52943699798493
0.49000000000000	0.03065313788365	1.30605922951683	-1.61182697616737	0.52136136969111
0.50000000000000	-0.02621072522447	1.07118700300717	-1.57591802289354	0.53537293028096
0.51000000000000	-0.08373784770093	0.82287418341729	-1.54918981710708	0.57553840907058
0.52000000000000	-0.14403423252886	0.56182377928575	-1.53130441236180	0.64403717326023
0.53000000000000	-0.20419040175322	0.29306663906085	-1.52261457738741	0.73814652010165
0.54000000000000	-0.26888535395679	0.01485720986579	-1.52097817413779	0.85715975758032
0.55000000000000	-0.33494987064303	-0.26842945921763	-1.52546228369594	0.99493632369387
0.56000000000000	-0.40194165368719	-0.55576933799974	-1.53387176013154	1.14536363804523
0.57000000000000	-0.47017300610611	-0.84736863784970	-1.54395842091811	1.30236683880521
0.58000000000000	-0.53590589136740	-1.13975698568432	-1.55467764078272	1.45745501341699
0.59000000000000	-0.60001124897213	-1.43572633355389	-1.56310340343088	1.60533224702095
0.60000000000000	-0.65967003282899	-1.73399969988193	-1.56773744775786	1.73950388533375
0.61000000000000	-0.71379731565396	-2.03355546274421	-1.56747174174852	1.85549387814736
0.62000000000000	-0.76141440031451	-2.33401650947540	-1.56057701988772	1.95062309137422
0.63000000000000	-0.80037724720250	-2.63009510208779	-1.54710532836596	2.02245636877061
0.64000000000000	-0.82982913039891	-2.91868738831233	-1.52592549499739	2.07131178819245
0.65000000000000	-0.84868686788926	-3.19306870634080	-1.49707046731886	2.09795415547055
0.66000000000000	-0.85642674610257	-3.44474354668775	-1.46106125015812	2.10422517735484
0.67000000000000	-0.85309806370913	-3.66734460407554	-1.41746683663743	2.09265355351323
0.68000000000000	-0.83862160436287	-3.85061045768694	-1.36742660413394	2.06596335015552
0.69000000000000	-0.81456149095155	-3.98689019964035	-1.31108887100056	2.02658716162409
0.70000000000000	-0.78204173373880	-4.06789485823558	-1.24890680460813	1.97601829865595
0.71000000000000	-0.74272835021981	-4.08328742412848	-1.18237534129908	1.91605335818997
0.72000000000000	-0.69714831933819	-4.02706961021736	-1.11151506012125	1.84577077437927
0.73000000000000	-0.64724165362595	-3.89094128673908	-1.03752034891135	1.76500375936094
0.74000000000000	-0.59459658050630	-3.66950448762931	-0.96134907613810	1.67302149845072
0.75000000000000	-0.53971651879461	-3.36092591777533	-0.88353203968844	1.56875338814750
0.76000000000000	-0.48423606595946	-2.96358028038542	-0.80676275853892	1.45576431859776
0.77000000000000	-0.42848772801978	-2.48543999930938	-0.73110705106137	1.33464348679102
0.78000000000000	-0.37317113551332	-1.93650999569773	-0.65840043393042	1.21054341026249
0.79000000000000	-0.31859533689763	-1.33321656589329	-0.59012831665987	1.08959643464684
0.80000000000000	-0.26336603587763	-0.69836405344440	-0.52643737152940	0.97616035799842
0.81000000000000	-0.20840814046706	-0.05539144149125	-0.46883312289558	0.87821264073372
0.82000000000000	-0.15258622513187	0.56877944076985	-0.41661777279815	0.79876859264065
0.83000000000000	-0.09561996338982	1.15058083601667	-0.36977802326568	0.74145686689961
0.84000000000000	-0.03775881726228	1.67226438571443	-0.32873604951605	0.70961144591517
0.85000000000000	0.02126536223439	2.12114045612242	-0.29222041519142	0.70052668714637
0.86000000000000	0.08027688115410	2.49484720630338	-0.26054246881037	0.71437460664257
0.87000000000000	0.13882200782813	2.79699859552778	-0.23299760933262	0.74647537209929
0.88000000000000	0.19613293591835	3.03733033965182	-0.20924842726668	0.79158406862086
0.89000000000000	0.25040941316721	3.22983359950127	-0.18963915816938	0.84662962951640
0.90000000000000	0.30146741051345	3.38598233319131	-0.17282667461582	0.90294902469173
0.91000000000000	0.34821163847532	3.51688777596365	-0.15908886877361	0.95635331108937
0.92000000000000	0.39041911362049	3.62893704008783	-0.14823348002873	1.00111141592309
0.93000000000000	0.42850548126984	3.72359687763827	-0.13947633959966	1.03079251689634
0.94000000000000	0.46192708138364	3.79953022328908	-0.13372076826769	1.04300952553632
0.95000000000000	0.49180169581310	3.85080778596226	-0.12995481643593	1.03091859605304
0.96000000000000	0.51808372618393	3.87113499547021	-0.12839669101098	0.99142802202083
0.97000000000000	0.54113546083993	3.85341928738567	-0.12898912303165	0.92149247714524
0.98000000000000	0.56189535951110	3.79118721238853	-0.13079088828313	0.81708619132209
0.99000000000000	0.58042679972872	3.68079303396591	-0.13395501158571	0.67900686981218
1.00000000000000	0.59710456704762	3.52115602969505	-0.13712689235303	0.50680174185295
1.01000000000000	0.61249858577290	3.31632071385213	-0.13973725988440	0.30391328274789
1.02000000000000	0.62610066617147	3.07278261385459	-0.14144948827401	0.07728142390310
1.03000000000000	0.63817401776337	2.80253922110552	-0.14106015429532	-0.16628742151416
1.04000000000000	0.64752789532012	2.51839532143064	-0.13836810179015	-0.41577665363419
1.05000000000000	0.65453100752077	2.23557612559558	-0.13292511340124	-0.66051574235106
1.06000000000000	0.65931025753611	1.96773733914921	-0.12467184238263	-0.88953846399344
1.07000000000000	0.66193370440993	1.72654015529073	-0.11421310024879	-1.09141702396570
1.08000000000000	0.66330384002096	1.52089357125426	-0.10131548004870	-1.25963808024694
1.09000000000000	0.66417174123346	1.35484876885213	-0.08661147253455	-1.38869910236420
1.10000000000000	0.66538550938921	1.22940410949033	-0.07025800572119	-1.47769895533879
1.11000000000000	0.66776277787504	1.14207507123335	-0.05200794277894	-1.53026602557590
1.12000000000000	0.67138950566572	1.08697059564318	-0.03209928746396	-1.55160524948955
1.13000000000000	0.67713745668408	1.05655287851707	-0.00993590909737	-1.55165897832108
1.14000000000000	0.68528470942907	1.04206807023449	0.01439435853468	-1.54038310108879
1.15000000000000	0.69600061339613	1.03416301349699	0.04061460191069	-1.52831577932350
1.16000000000000	0.70968390822921	1.02465426146914	0.06832975908915	-1.52580104662094
1.17000000000000	0.72629279372972	1.00506395022181	0.09607758331171	-1.54038094161444
1.18000000000000	0.74583116622733	0.96873851532203	0.12243627949062	-1.57801177512497
1.19000000000000	0.76821327171616	0.91099999712372	0.14529099112709	-1.64107944407615
1.20000000000000	0.79271367858803	0.82742848635589	0.16229291501545	-1.72864313843127
1.21000000000000	0.81901259438564	0.71813422101324	0.17124236028208	-1.83648998762953
1.22000000000000	0.84577706312320	0.58252773997785	0.17002955880720	-1.95711329085044
1.23000000000000	0.87228220947607	0.42451033737737	0.15712310018741	-2.08055012325639
1.24000000000000	0.89701022963570	0.24783059272308	0.13133377531997	-2.19460189553856
1.25000000000000	0.91906174730053	0.05833227418944	0.09227689053600	-2.28667955730951
1.26000000000000	0.93728449547055	-0.13801866272375	0.04019414555773	-2.34392484488362
1.27000000000000	0.95086910941432	-0.33558736851945	-0.02403888060439	-2.35505440123781
1.28000000000000	0.95909702061827	-0.52910901983658	-0.09917400880616	-2.31096200522669
1.29000000000000	0.96148765415214	-0.71441039684171	-0.18355115853668	-2.20533699322814
1.30000000000000	0.95804623392029	-0.88885513763845	-0.27481770778534	-2.03642309116348
1.31000000000000	0.94916681330554	-1.04878611662870	-0.37085732247528	-1.80524670964359
1.32000000000000	0.93492315500277	-1.19391219585218	-0.46926038675980	-1.51682638855917
1.33000000000000	0.91668776085457	-1.32118143496625	-0.56753120495645	-1.17952794450224
1.34000000000000	0.89516542253664	-1.42909506053046	-0.66356422815489	-0.80321224733200
1.35000000000000	0.87184135731604	-1.51415370649646	-0.75521489814544	-0.39975439639534
1.36000000000000	0.84784263110906	-1.57324508741023	-0.84085495829624	0.01907982833859
1.37000000000000	0.82382475990280	-1.60368225075005	-0.91901157579951	0.44155693053950
1.38000000000000	0.80019590531958	-1.60449963714500	-0.98831621556212	0.85616200434202
1.39000000000000	0.77650032719847	-1.57757165374324	-1.04779582540804	1.25316082844932
1.40000000000000	0.75227410580661	-1.52768881398318	-1.09634362196584	1.62316862327867
1.41000000000000	0.72628879633145	-1.46410569369239	-1.13301426723827	1.95839473175393
1.42000000000000	0.69759207609259	-1.39762251614896	-1.15701034739459	2.25268228585079
1.43000000000000	0.66522871924734	-1.34134871909947	-1.16731545397026	2.50045291790971
1.44000000000000	0.62836658763969	-1.30599990651616	-1.16344884768803	2.69870524781115
1.45000000000000	0.58679061990900	-1.30060382473776	-1.14472585306368	2.84574404225617
1.46000000000000	0.54094117137998	-1.32945349944542	-1.11099883747117	2.94214290652895
1.47000000000000	0.49156910297835	-1.39218976932442	-1.06267824084116	2.99077217563070
1.48000000000000	0.43997568547306	-1.48493519426330	-1.00032933434560	2.99626265017821
1.49000000000000	0.38793541461102	-1.59916027475958	-0.92547364321568	2.96549096261911
1.50000000000000	0.33721610585900	-1.72518619414643	-0.83990792902120	2.90558107655006
1.51000000000000	0.28974727927397	-1.85232126678544	-0.74580755989681	2.82381779843447
1.52000000000000	0.24711021407797	-1.97043965409902	-0.64583581745210	2.72670103957115
1.53000000000000	0.21072903640931	-2.07035847980950	-0.54250081698968	2.61852596077230
1.54000000000000	0.18141261723207	-2.14469686885664	-0.43856756850995	2.50194652521093
1.55000000000000	0.15983854504731	-2.18752505318500	-0.33658953541669	2.37726056921466
1.56000000000000	0.14560481140951	-2.19489407240849	-0.23902047103884	2.24272590643725
1.57000000000000	0.13843781287289	-2.16436704384123	-0.14813080252886	2.09600318611947
1.58000000000000	0.13789920642430	-2.09579482444577	-0.06565749078153	1.93369600841807
1.59000000000000	0.14328595946858	-1.99056664275602	0.00674644232155	1.75337795525233
1.60000000000000	0.15369597191148	-1.85199222807787	0.06772484591113	1.55439351839636
1.61000000000000	0.16869056858971	-1.68590548854335	0.11632437925574	1.33728295721617
1.62000000000000	0.18756270639737	-1.49954495960238	0.15177974828538	1.10494948123252
1.63000000000000	0.20968447503361	-1.30116191171147	0.17392449642211	0.86143571801589
1.64000000000000	0.23418565254933	-1.10047294894287	0.18315724800940	0.61113544410444
1.65000000000000	0.25945689495632	-0.90617957668993	0.18014592807242	0.35887423418781
1.66000000000000	0.28419668912092	-0.72609495277251	0.16631709626206	0.10830916023912
1.67000000000000	0.30680741492618	-0.56565949998685	0.14319744475925	-0.13709356466514
1.68000000000000	0.32583803892543	-0.42764047356984	0.11251608056524	-0.37496445207839
1.69000000000000	0.33994917223953	-0.31218211516992	0.07602380312292	-0.60355970542807
1.70000000000000	0.34872807671996	-0.21633559869175	0.03539804682250	-0.82141864021687
1.71000000000000	0.35188350290926	-0.13642620157980	-0.00778594535252	-1.02755823215405
1.72000000000000	0.35009745464644	-0.06657402900665	-0.05225025591062	-1.22057279072550
1.73000000000000	0.34413921365869	-0.00194866482249	-0.09700291689130	-1.39855325844319
1.74000000000000	0.33505638278625	0.06346948721108	-0.14144900952497	-1.55882277176352
1.75000000000000	0.32332246135772	0.13400881277083	-0.18550302574315	-1.69790594994262
1.76000000000000	0.31005365265915	0.21435409680078	-0.22922957572937	-1.81177264461035
1.77000000000000	0.29587000110231	0.30843255746520	-0.27294767277301	-1.89644849241666
1.78000000000000	0.28083749814334	0.41943338043153	-0.31703131306433	-1.94858140151021
1.79000000000000	0.26511562635182	0.54989026729702	-0.36174128840672	-1.96546406427511
1.80000000000000	0.24895139884010	0.70160033220252	-0.40710126024618	-1.94611199754896
1.81000000000000	0.23199632241374	0.87417287752630	-0.45301884513726	-1.89085428900328
1.82000000000000	0.21444445709529	1.06729502503025	-0.49922280533203	-1.80147773044384
1.83000000000000	0.19621205562056	1.27736525610274	-0.54510145482062	-1.68125761941582
1.84000000000000	0.17760135713157	1.50134572537616	-0.58993556606134	-1.53465146668687
1.85000000000000	0.15884518434028	1.73289093506313	-0.63276907608859	-1.36697883830792
1.86000000000000	0.14044948386371	1.96603669818627	-0.67260290817322	-1.18385538019037
1.87000000000000	0.12260483064186	2.19327287104907	-0.70841961435924	-0.99083669754211
1.88000000000000	0.10539746771680	2.40689201549408	-0.73912422218563	-0.79316532152088
1.89000000000000	0.08863008441026	2.59951001598742	-0.76382385833725	-0.59537768413710
1.90000000000000	0.07128441862779	2.76386035183224	-0.78162384015201	-0.40134995582748
1.91000000000000	0.05274923562003	2.89458100865071	-0.79184154334128	-0.21414322885439
1.92000000000000	0.03241064373358	2.98746263373959	-0.79424439343880	-0.03576697400940
1.93000000000000	0.01023320575508	3.04129012305241	-0.78868846011715	0.13248425356792
1.94000000000000	-0.01316358612623	3.05721145057668	-0.77563251801332	0.29032625793811
1.95000000000000	-0.03628671449850	3.03871734865570	-0.75585803406112	0.43826453807393
1.96000000000000	-0.05706069606055	2.99099849041037	-0.73050231913341	0.57738425333803
1.97000000000000	-0.07294516639694	2.92046922903416	-0.70107754592676	0.70899898577754
1.98000000000000	-0.08160542182819	2.83368580317473	-0.66883132426256	0.83420036931543
1.99000000000000	-0.08106242124667	2.73682890209652	-0.63520297249001	0.95362207697939
2.00000000000000	-0.06973683213051	2.63533279090024	-0.60140633168353	1.06733004432551
2.01000000000000	-0.04720412338730	2.53248840489329	-0.56836002631599	1.17472627695322
2.02000000000000	-0.01430569833333	2.43063947884076	-0.53688513335417	1.27472483718561
2.03000000000000	0.02739651081086	2.32899790543305	-0.50749848048666	1.36609909902647
2.04000000000000	0.07598972326736	2.22583524056663	-0.48058099258477	1.44745608040137
2.05000000000000	0.12863438337190	2.11739589860672	-0.45629523958701	1.51759877898350
2.06000000000000	0.18262783670940	2.00030270831797	-0.43461978431400	1.57568207344497
2.07000000000000	0.23557074507512	1.87122944284224	-0.41547689653888	1.62119410981152
2.08000000000000	0.28563839953950	1.72807000912897	-0.39848314405955	1.65388116295217
2.09000000000000	0.33163650557899	1.57042732293621	-0.38322686344662	1.67398893148384
2.10000000000000	0.37274774477754	1.39954451123207	-0.36961077774638	1.68219181600062
2.11000000000000	0.40837429465763	1.21818288746381	-0.35725731123565	1.67894441913807
2.12000000000000	0.43902805988293	1.03077465480846	-0.34612790651499	1.66498826520589
2.13000000000000	0.46446504098508	0.84104508696172	-0.33627526865478	1.64054474305019
2.14000000000000	0.48437514620905	0.65378090477600	-0.32802106490831	1.60569808428497
2.15000000000000	0.49835542950879	0.47195759640397	-0.32190519203219	1.56032516193786
2.16000000000000	0.50650891256339	0.29878856917189	-0.31822371850896	1.50347327255506
2.17000000000000	0.50891535623374	0.13615999228609	-0.31738796301363	1.43428919634074
2.18000000000000	0.50620800390288	-0.01459594040879	-0.31964160740228	1.35203248324958
2.19000000000000	0.49972212521752	-0.15273676605628	-0.32481425983532	1.25598860448327
2.20000000000000	0.49100693175953	-0.27866037057411	-0.33263692456131	1.14642077852014
2.21000000000000	0.48213464080076	-0.39237260404051	-0.34246272044352	1.02436703566608
2.22000000000000	0.47576826757241	-0.49553248345117	-0.35351968288915	0.89200323966797
2.23000000000000	0.47381195225871	-0.58812600166123	-0.36518870516707	0.75267574636262
2.24000000000000	0.47750769831618	-0.67159029870729	-0.37661894369139	0.61017878131382
2.25000000000000	0.48780042643405	-0.74533101395043	-0.38714494241355	0.46862610456713
2.26000000000000	0.50422149564767	-0.80920237469606	-0.39604673179312	0.33155261269987
2.27000000000000	0.52571706743758	-0.86271916829862	-0.40262266299855	0.20176721603320
2.28000000000000	0.55081362655431	-0.90528199601307	-0.40629774617496	0.08130405980455
2.29000000000000	0.57780816660202	-0.93669630417512	-0.40636093514060	-0.02887603151362
2.30000000000000	0.60517321396643	-0.95794312682789	-0.40259524064141	-0.12801450619751
2.31000000000000	0.63238341581667	-0.96979376007926	-0.39466329262046	-0.21578187244150
2.32000000000000	0.65872282181984	-0.97517357809740	-0.38241711860154	-0.29186944899542
2.33000000000000	0.68386695217565	-0.97554658143745	-0.36614853228069	-0.35569140341076
2.34000000000000	0.70762110722862	-0.97379252180458	-0.34611664433545	-0.40657563626489
2.35000000000000	0.73008389796013	-0.96980361477865	-0.32288370520103	-0.44390345926407
2.36000000000000	0.75088464749223	-0.96360780437245	-0.29711841682495	-0.46743426307682
2.37000000000000	0.76988176195144	-0.95208486332674	-0.26951850616269	-0.47753124116577
2.38000000000000	0.78681436417516	-0.93151345035497	-0.24084902205169	-0.47554254388556
2.39000000000000	0.80156193833442	-0.89709867870244	-0.21165048743252	-0.46383622621408
2.40000000000000	0.81397975126457	-0.84390083121025	-0.18259348205569	-0.44542542689918
2.41000000000000	0.82471067582360	-0.76788775270047	-0.15412160452641	-0.42381142036348
2.42000000000000	0.83440026223780	-0.66730621111583	-0.12657740993784	-0.40242525873458
2.43000000000000	0.84405172899688	-0.54274813206423	-0.10042367113323	-0.38397229536395
2.44000000000000	0.85478119938076	-0.39809634858891	-0.07606821733994	-0.37017207626003
2.45000000000000	0.86751965065180	-0.23953526671473	-0.05415947545948	-0.36137340334611
2.46000000000000	0.88393543128012	-0.07445023067500	-0.03529998800232	-0.35678612183019
2.47000000000000	0.90502904827140	0.08907260284329	-0.02030603608924	-0.35466036687911
2.48000000000000	0.93161659292152	0.24427567192148	-0.01017186791731	-0.35271080787066
2.49000000000000	0.96390907967510	0.38597929494722	-0.00599768761919	-0.34878373935486
2.50000000000000	1.00224174205849	0.51209415110479	-0.00856534627493	-0.34166216386531
2.51000000000000	1.04637500512767	0.62374182649276	-0.01873033648498	-0.33098142493212
2.52000000000000	1.09526039053534	0.72267009481496	-0.03702402775529	-0.31754201784776
2.53000000000000	1.14791470024925	0.81418338449414	-0.06400191396799	-0.30300987170640
2.54000000000000	1.20272120354292	0.90166655002786	-0.09960493339310	-0.28959887248646
2.55000000000000	1.25868835618764	0.99036689024082	-0.14360570970183	-0.27970085839976
2.56000000000000	1.31366908986243	1.08170787217176	-0.19548339049323	-0.27517080825331
2.57000000000000	1.36579044927647	1.17636779774061	-0.25457156672692	-0.27698649789567
2.58000000000000	1.41390957589446	1.27276640404086	-0.31986910389276	-0.28502524047976
2.59000000000000	1.45674445460664	1.36727254951538	-0.39041589907749	-0.29776498179989
2.60000000000000	1.49337963039485	1.45510375947936	-0.46517496140827	-0.31243606586411
2.61000000000000	1.52325347243693	1.53098045358733	-0.54301153093046	-0.32553272410101
2.62000000000000	1.54610481900111	1.58893561638996	-0.62259469547906	-0.33322512182788
2.63000000000000	1.56253664543885	1.62651912797674	-0.70246254052808	-0.33177292137501
2.64000000000000	1.57267827798727	1.64061309124948	-0.78096376390879	-0.31810369727681
2.65000000000000	1.57755275136567	1.63323721279648	-0.85627235020491	-0.28982646552021
2.66000000000000	1.57800657725462	1.60662216116745	-0.92654893248181	-0.24560755674399
2.67000000000000	1.57527141735717	1.56685660298540	-0.98998376172764	-0.18510091761089
2.68000000000000	1.57038645239680	1.52068336125857	-1.04490248904357	-0.10876690748020
2.69000000000000	1.56362953965565	1.47562778622194	-1.08983323643141	-0.01814851805862
2.70000000000000	1.55572255348426	1.43889432320188	-1.12373196477482	0.08484811359094
2.71000000000000	1.54664208094989	1.41576419299513	-1.14584013389678	0.19791348513838
2.72000000000000	1.53614891586540	1.40967024879295	-1.15576288719958	0.31855339679538
2.73000000000000	1.52353343067409	1.42108672132311	-1.15334408396468	0.44435531476918
2.74000000000000	1.50832230779616	1.44779125615194	-1.13889794019798	0.57323622606302
2.75000000000000	1.48994379299040	1.48607249592334	-1.11296512909967	0.70333882878656
2.76000000000000	1.46785274456246	1.53073650516727	-1.07618176224669	0.83310026631988
2.77000000000000	1.44150079976017	1.57630715709788	-1.02933510916576	0.96108468709148
2.78000000000000	1.41081999200012	1.61844471966219	-0.97361084453518	1.08633780958189
2.79000000000000	1.37528149613121	1.65390442722995	-0.91020295588924	1.20782665288038
2.80000000000000	1.33497297436178	1.68101600391779	-0.84053073363354	1.32469907528058
2.81000000000000	1.29010419448778	1.69976041428933	-0.76601683593905	1.43588647986486
2.82000000000000	1.24103834757354	1.71097108958058	-0.68819724625183	1.54018528024927
2.83000000000000	1.18866706756053	1.71644671903344	-0.60862230273218	1.63606275061165
2.84000000000000	1.13393844260108	1.71766166660597	-0.52869105387509	1.72175236319323
2.85000000000000	1.07819009301861	1.71592618828452	-0.44970487615046	1.79522810118678
2.86000000000000	1.02288691808779	1.71120635861806	-0.37305062988653	1.85447894321735
2.87000000000000	0.96979017277166	1.70251234417212	-0.29993452285730	1.89773998263198
2.88000000000000	0.91992860450450	1.68758692537207	-0.23153158088658	1.92336217515869
2.89000000000000	0.87436876849465	1.66327559944557	-0.16892438229136	1.92997501638061
2.90000000000000	0.83396063498972	1.62623804177046	-0.11318137335712	1.91692831131001
2.91000000000000	0.79900603250629	1.57342446679734	-0.06527783514310	1.88379365992761
2.92000000000000	0.76942515851888	1.50268698323567	-0.02595463904482	1.83033152674656
2.93000000000000	0.74506313982714	1.41330225516837	0.00404007191663	1.75688260368145
2.94000000000000	0.72530549320376	1.30620271858937	0.02432333558932	1.66367173598646
2.95000000000000	0.70960027970594	1.18422867184825	0.03472236107776	1.55100718259208
2.96000000000000	0.69741952031898	1.05144499682910	0.03517965531438	1.41950705810715
2.97000000000000	0.68763808292611	0.91308440064052	0.02595386665203	1.26995485510360
2.98000000000000	0.67941658387482	0.77473092216894	0.00753627259645	1.10329219735947
2.99000000000000	0.67171747885292	0.64172860630102	-0.01938044084995	0.92122892265330
3.00000000000000	0.66336729595753	0.51824275235168	-0.05391981310073	0.72603202071978
3.01000000000000	0.65313342573121	0.40628957993865	-0.09518680671404	0.52060615360236
3.02000000000000	0.63980643944085	0.30678134474214	-0.14195017867534	0.30848325526085
3.03000000000000	0.62194180140336	0.21755353106094	-0.19280315044066	0.09343266286236
3.04000000000000	0.59856502411207	0.13598129513537	-0.24641089321318	-0.12036451461937
3.05000000000000	0.56894905437706	0.05802948627978	-0.30140809216622	-0.32876386223531
3.06000000000000	0.53224604444105	-0.02074898070175	-0.35637829424187	-0.52800433128466
3.07000000000000	0.48785447574130	-0.10384712104493	-0.41017873560485	-0.71463966365733
3.08000000000000	0.43598081029129	-0.19344031603612	-0.46188214017504	-0.88591565715108
3.09000000000000	0.37746913937686	-0.28975952939590	-0.51097704011371	-1.03977350168057
3.10000000000000	0.31360061823848	-0.39028084396339	-0.55713125700440	-1.17510954772105
3.11000000000000	0.24603265704314	-0.49171955113106	-0.60033143690823	-1.29164668358728
3.12000000000000	0.17743087674924	-0.58775290476762	-0.64079639429917	-1.38980640334263
3.13000000000000	0.11043730742660	-0.67316676483030	-0.67888979001338	-1.47038912467611
3.14000000000000	0.04800444044145	-0.74108836396979	-0.71489484731711	-1.53451711209053
3.15000000000000	-0.00760825529139	-0.78758917412681	-0.74889741952555	-1.58302219277921
3.16000000000000	-0.05373140199191	-0.80861895392393	-0.78097611904088	-1.61625993441051
3.17000000000000	-0.08854331914951	-0.80403813264916	-0.81104184056070	-1.63378634708201
3.18000000000000	-0.11047762900045	-0.77466339267581	-0.83865029038766	-1.63445605607858
3.19000000000000	-0.11897110697435	-0.72424347893225	-0.86341310267929	-1.61657283038887
3.20000000000000	-0.11402751744897	-0.65794886333639	-0.88499790219914	-1.57777969698662
3.21000000000000	-0.09613817030303	-0.58168867060264	-0.90330884977132	-1.51566402209157
3.22000000000000	-0.06699120860444	-0.50208537257263	-0.91843667385970	-1.42831999200397
3.23000000000000	-0.02857484549516	-0.42474401021235	-0.93070687476266	-1.31451619871860
3.24000000000000	0.01699863766315	-0.35401130480684	-0.94073414900051	-1.17428072538974
3.25000000000000	0.06719296542891	-0.29380761610682	-0.94915339893537	-1.00890391817415
3.26000000000000	0.12014614424994	-0.24608220178212	-0.95705734041467	-0.82034211502499
3.27000000000000	0.17385571706542	-0.21215042311490	-0.96519077681203	-0.61185325813945
3.28000000000000	0.22680719940088	-0.19214392702310	-0.97434477592442	-0.38691618379137
3.29000000000000	0.27807533336397	-0.18529457240771	-0.98516215739324	-0.14932571367451
3.30000000000000	0.32689480205868	-0.19044387112103	-0.99807426925062	0.09701310614969
3.31000000000000	0.37281739466441	-0.20594351633850	-1.01326275269964	0.34827990497706
3.32000000000000	0.41571527025363	-0.22990787050154	-1.03061110988747	0.60043325642355
3.33000000000000	0.45547008724544	-0.26069875019546	-1.04957548587804	0.84923414342853
3.34000000000000	0.49226179152297	-0.29624694791654	-1.06936268958374	1.09036118232600
3.35000000000000	0.52633322610956	-0.33491781291712	-1.08905633489390	1.31951712616670
3.36000000000000	0.55846605422298	-0.37444409642383	-1.10750078442972	1.53281174812492
3.37000000000000	0.58940974877056	-0.41177598235824	-1.12328080975042	1.72684741600389
3.38000000000000	0.62001955337118	-0.44367429648898	-1.13521908005483	1.89949875610411
3.39000000000000	0.65112187155898	-0.46642261545684	-1.14228034681364	2.05033666421243
3.40000000000000	0.68331547192107	-0.47613380803321	-1.14354955664439	2.18028477968244
3.41000000000000	0.71655058092647	-0.46995382401878	-1.13817319033878	2.29156867797692
3.42000000000000	0.75087997032558	-0.44468055179476	-1.12569342694479	2.38774461566395
3.43000000000000	0.78546414747340	-0.39978631890699	-1.10607280046479	2.47275873806373
3.44000000000000	0.81997627369558	-0.33443440596894	-1.07918275442003	2.55011200278401
3.45000000000000	0.85297493903442	-0.25132703125340	-1.04531013152279	2.62273786052790
3.46000000000000	0.88348659783900	-0.15306769533013	-1.00501918451858	2.69198733411030
3.47000000000000	0.90997845921816	-0.04539375448322	-0.95916684339061	2.75731232715288
3.48000000000000	0.93119119153519	0.06622686997252	-0.90867118253753	2.81610041265823
3.49000000000000	0.94550943473503	0.17485218190138	-0.85450021725764	2.86351993143984
3.50000000000000	0.95180357200295	0.27432884606875	-0.79778027773828	2.89313475927264
3.51000000000000	0.94928355005616	0.35943970547929	-0.73966395002672	2.89772266513343
3.52000000000000	0.93736042191248	0.42572441086741	-0.68126531135052	2.86987724594240
3.53000000000000	0.91608698484503	0.47145740922003	-0.62378168388906	2.80299181800845
3.54000000000000	0.88600497447244	0.49576606736034	-0.56823839204091	2.69223640848368
3.55000000000000	0.84803980667089	0.49918413021127	-0.51585547923041	2.53509598785120
3.56000000000000	0.80368208512976	0.48511663614650	-0.46773901135236	2.33156633650088
3.57000000000000	0.75462885338167	0.45664753834820	-0.42492519006459	2.08463266211516
3.58000000000000	0.70270267887859	0.41844172341727	-0.38835239433451	1.79948756212323
3.59000000000000	0.65020953365233	0.37543620134760	-0.35880173402053	1.48345318288928
3.60000000000000	0.59939632352865	0.33219198921893	-0.33688774854056	1.14557411879693
3.61000000000000	0.55260937920595	0.29374203742567	-0.32306398354720	0.79573484479571
3.62000000000000	0.51196597511599	0.26358094062607	-0.31758188652252	0.44417322889664
3.63000000000000	0.47965915916324	0.24563545864993	-0.32051222250084	0.10111880915967
3.64000000000000	0.45686773366726	0.24169031916472	-0.33167153094011	-0.22388873578366
3.65000000000000	0.44454447048678	0.25392078909722	-0.35095308926224	-0.52202771342632
3.66000000000000	0.44259412554977	0.28237039753694	-0.37802536816462	-0.78601527629588
3.67000000000000	0.45050968729287	0.32699226224207	-0.41241551686795	-1.00980108618982
3.68000000000000	0.46705552761316	0.38656050354687	-0.45363111683272	-1.18888599581142
3.69000000000000	0.49046861148518	0.45907065735598	-0.50115362291406	-1.32057879374207
3.70000000000000	0.51875905494706	0.54144499819788	-0.55433449055724	-1.40356976529126
3.71000000000000	0.54994736549949	0.62943876028110	-0.61230920002096	-1.43836387670347
3.72000000000000	0.58216856528162	0.71811332642841	-0.67416475889292	-1.42725980440912
3.73000000000000	0.61286098455322	0.80132213003530	-0.73878168793206	-1.37394717802204
3.74000000000000	0.64023544831816	0.87288251074572	-0.80494677938891	-1.28366959536029
3.75000000000000	0.66253551757745	0.92657208069596	-0.87124795642439	-1.16307395144285
3.76000000000000	0.67823063540823	0.95725801933275	-0.93636322594832	-1.01972455784818
3.77000000000000	0.68597005216891	0.96105567037018	-0.99884156712199	-0.86189483200901
3.78000000000000	0.68504727540495	0.93645549169497	-1.05769202762993	-0.69769090063234
3.79000000000000	0.67499282940737	0.88368826166015	-1.11182910924910	-0.53500788525164
3.80000000000000	0.65583391961303	0.80566442726350	-1.16055454136919	-0.38066026594486
3.81000000000000	0.62802314594153	0.70707556794125	-1.20345991389731	-0.23996199352640
3.82000000000000	0.59235878572361	0.59369234126601	-1.24030847973295	-0.11648132619128
3.83000000000000	0.54970168359385	0.47248814272361	-1.27110138815515	-0.01187513601184
3.84000000000000	0.50133905419812	0.34847939293394	-1.29594167961144	0.07406457880499
3.85000000000000	0.44921759170896	0.22719549685824	-1.31502822354395	0.14324983510504
3.86000000000000	0.39531760505647	0.11183750512351	-1.32865704267174	0.19886731029212
3.87000000000000	0.34128071827448	0.00285402389696	-1.33714792278701	0.24493760273035
3.88000000000000	0.28907446326243	-0.09992200312710	-1.34087216294359	0.28581344178189
3.89000000000000	0.24041200394744	-0.19800123988013	-1.34016599047673	0.32553860765219
3.90000000000000	0.19680893424299	-0.29331295390526	-1.33534155970239	0.36752084260876
3.91000000000000	0.15950011886748	-0.38673121132946	-1.32678696646338	0.41424677949992
3.92000000000000	0.12880184421438	-0.47979044068369	-1.31480497597638	0.46713789568984
3.93000000000000	0.10541680919464	-0.57154014441003	-1.29961947205323	0.52662444098068
3.94000000000000	0.08888264757629	-0.66193464840107	-1.28139320429207	0.59211733211877
3.95000000000000	0.07832896640941	-0.74835981890573	-1.26046168848294	0.66260415381099
3.96000000000000	0.07217870334164	-0.82947322700206	-1.23698908335379	0.73663439652510
3.97000000000000	0.06917648902357	-0.90184572873560	-1.21121010072562	0.81245803956324
3.98000000000000	0.06746298072096	-0.96376645930345	-1.18337074345682	0.88834765682962
3.99000000000000	0.06547075966582	-1.01280882334686	-1.15382922997256	0.96255344952767
4.00000000000000	0.06192340494638	-1.04760378633949	-1.12289957441074	1.03335459117841
4.01000000000000	0.05621238780335	-1.06729798431543	-1.09087427224885	1.09899522081016
4.02000000000000	0.04801618725963	-1.07127931216521	-1.05801287390406	1.15759267556500
4.03000000000000	0.03749547914765	-1.05950549389377	-1.02453545882001	1.20729971766616
4.04000000000000	0.02509586859379	-1.03188865961310	-0.99055523787802	1.24615787391982
4.05000000000000	0.01167200378104	-0.98829667270701	-0.95603206403656	1.27223099777093
4.06000000000000	-0.00183948933816	-0.92903297031879	-0.92085846417834	1.28393756972996
4.07000000000000	-0.01475634089187	-0.85405883047147	-0.88495736852528	1.28018796725811
4.08000000000000	-0.02636843638076	-0.76365674715352	-0.84820458713972	1.26072353521794
4.09000000000000	-0.03613242302161	-0.65799884554896	-0.81056365749209	1.22643305065119
4.10000000000000	-0.04388091850538	-0.53731675875984	-0.77207335005226	1.17917549772392
4.11000000000000	-0.04964192132427	-0.40228471487314	-0.73278477753190	1.12208094158118
4.12000000000000	-0.05388014356327	-0.25404457844778	-0.69298710703829	1.05954200659884
4.13000000000000	-0.05687311101514	-0.09464823153662	-0.65298006216051	0.99666245598414
4.14000000000000	-0.05891974629059	0.07276424055679	-0.61322714485310	0.93925698426780
4.15000000000000	-0.06020403008977	0.24369367780691	-0.57430585139436	0.89325438171409
4.16000000000000	-0.06068874382869	0.41255951382467	-0.53689427508488	0.86433434332512
4.17000000000000	-0.06014104984293	0.57309870777385	-0.50182505265428	0.85728252300397
4.18000000000000	-0.05812599582043	0.71893671768661	-0.47000981689717	0.87551778353281
4.19000000000000	-0.05452108448396	0.84411693485163	-0.44244288046733	0.92084279287985
4.20000000000000	-0.04888434762266	0.94425238299761	-0.42000629688476	0.99259225378777
4.21000000000000	-0.04088949835121	1.01679242613303	-0.40349223297141	1.08773144072204
4.22000000000000	-0.03051880602368	1.06144678362654	-0.39363276709306	1.20118218809020
4.23000000000000	-0.01765737462743	1.08029480097225	-0.39075800632549	1.32575112006876
4.24000000000000	-0.00211850834029	1.07753373202725	-0.39508879131977	1.45307028320444
4.25000000000000	0.01652539163646	1.05940830632819	-0.40671226897475	1.57442613556864
4.26000000000000	0.03848131330859	1.03284873195241	-0.42552274148299	1.68149865289857
4.27000000000000	0.06459440461395	1.00550616097115	-0.45116488516207	1.76695135986300
4.28000000000000	0.09519923755501	0.98402283193320	-0.48320492081918	1.82485474013337
4.29000000000000	0.13103801123430	0.97438519983781	-0.52103204533603	1.85131094765642
4.30000000000000	0.17212123303952	0.98027611566022	-0.56407911211593	1.84432674463381
4.31000000000000	0.21832192502824	1.00360577473299	-0.61140292098549	1.80338915668816
4.32000000000000	0.26904455937968	1.04405903295434	-0.66220594256910	1.73001076185603
4.33000000000000	0.32329526555444	1.09928083667064	-0.71559922404613	1.62688724157281
4.34000000000000	0.37983731561469	1.16586110146890	-0.77063497023091	1.49767157355934
4.35000000000000	0.43746549230937	1.23930259019182	-0.82642119365199	1.34676189132931
4.36000000000000	0.49488455188972	1.31477901922395	-0.88197511460440	1.17892204845203
4.37000000000000	0.55119874153489	1.38857672930396	-0.93633981098350	0.99903672096606
4.38000000000000	0.60532938922316	1.45687831287157	-0.98841322178271	0.81181381391253
4.39000000000000	0.65727436511537	1.51785457393780	-1.03716348755761	0.62170569924059
4.40000000000000	0.70662910449671	1.57014481262204	-1.08147457699516	0.43252635526647
4.41000000000000	0.75310336287410	1.61301163178735	-1.12016877065011	0.24727374199859
4.42000000000000	0.79657485412398	1.64666259580348	-1.15209828173789	0.06793408336378
4.43000000000000	0.83639297104743	1.67024856308853	-1.17628775711795	-0.10445952047624
4.44000000000000	0.87220540138981	1.68410542561493	-1.19180943209306	-0.26998938206999
4.45000000000000	0.90297080618720	1.68585059571673	-1.19804617205291	-0.42954765934022
4.46000000000000	0.92824219630078	1.67468939988323	-1.19463308200653	-0.58471446703712
4.47000000000000	0.94721958690775	1.64763082863421	-1.18168868717125	-0.73717557380230
4.48000000000000	0.95986082480796	1.60267820207932	-1.15970434513644	-0.88844925861322
4.49000000000000	0.96647023281278	1.53803706469110	-1.12955188305379	-1.03940435105607
4.50000000000000	0.96769893936205	1.45286089192881	-1.09263418971943	-1.18980278562372
4.51000000000000	0.96476629494350	1.34761365175583	-1.05065774849658	-1.33805020563150
4.52000000000000	0.95906334979288	1.22430670029497	-1.00553454880726	-1.48116748245110
4.53000000000000	0.95200323561509	1.08587072063285	-0.95935434135715	-1.61465814671223
4.54000000000000	0.94543302811570	0.93757913235335	-0.91412420278603	-1.73284720521943
4.55000000000000	0.94044474478831	0.78436225504575	-0.87174960466269	-1.82929965851434
4.56000000000000	0.93830033202881	0.63262141280825	-0.83382085187795	-1.89719103932063
4.57000000000000	0.93950907845032	0.48706228591488	-0.80163080254151	-1.92989209043646
4.58000000000000	0.94474036017318	0.35218699085855	-0.77607049924982	-1.92190142413490
4.59000000000000	0.95372195004597	0.23050851019744	-0.75762578281569	-1.86878604598223
4.60000000000000	0.96601259666780	0.12294697482066	-0.74640172729657	-1.76830804230770
4.61000000000000	0.98100285420133	0.02895644393114	-0.74217863919656	-1.62044634725450
4.62000000000000	0.99777883329534	-0.05358519206064	-0.74440989749707	-1.42713104241950
4.63000000000000	1.01570630511325	-0.12730425056165	-0.75226703684173	-1.19305610290472
4.64000000000000	1.03407976906196	-0.19491978244924	-0.76463326310564	-0.92486295625978
4.65000000000000	1.05231583447098	-0.25857001232324	-0.78011409619935	-0.63067798238148
4.66000000000000	1.06975406733756	-0.32014471411703	-0.79728442487806	-0.32000305056448
4.67000000000000	1.08572881422386	-0.38015572343414	-0.81429980175720	-0.00279011621339
4.68000000000000	1.09947979328418	-0.43906919517542	-0.82937572190460	0.31142193409626
4.69000000000000	1.11007412610877	-0.49625432970097	-0.84072540559233	0.61405909537519
4.70000000000000	1.11650193187405	-0.55096081924587	-0.84677137420169	0.89851619280255
4.71000000000000	1.11766340780557	-0.60268602319040	-0.84621807002747	1.16019375234415
4.72000000000000	1.11281530128491	-0.65040276185767	-0.83815800544005	1.39712178634287
4.73000000000000	1.10124980721533	-0.69401511976271	-0.82221074487184	1.60957639554197
4.74000000000000	1.08297111950598	-0.73210539269087	-0.79854644155837	1.79946563128876
4.75000000000000	1.05818427147612	-0.76511893428736	-0.76768703650877	1.97001485773638
4.76000000000000	1.02799423946696	-0.79195269118750	-0.73068610718144	2.12478748844970
4.77000000000000	0.99329615355771	-0.81333644632689	-0.68892666918011	2.26712094348525
4.78000000000000	0.95566449775136	-0.82888201172787	-0.64409235280314	2.39973428079617
4.79000000000000	0.91632998347734	-0.83953463338600	-0.59797345418021	2.52414771118849
4.80000000000000	0.87651050252614	-0.84635135280722	-0.55240077851633	2.64071262334348
4.81000000000000	0.83731107686522	-0.85045222846975	-0.50931797962748	2.74886133802213
4.82000000000000	0.79967270333794	-0.85279588242941	-0.47060077769454	2.84715803242348
4.83000000000000	0.76431327739780	-0.85438740769833	-0.43791185180355	2.93343173476526
4.84000000000000	0.73228147819531	-0.85446221378591	-0.41282204293383	3.00534813683082
4.85000000000000	0.70399588609014	-0.85379125426074	-0.39660025614494	3.06017849916823
4.86000000000000	0.68064824413138	-0.85013157438166	-0.39058541896581	3.09527396204534
4.87000000000000	0.66262617603873	-0.84359069738850	-0.39548111088274	3.10774089979758
4.88000000000000	0.65059912906076	-0.83235299057714	-0.41178289821708	3.09454041165579
4.89000000000000	0.64458150255522	-0.81638809777920	-0.43971026844673	3.05256314190666
4.90000000000000	0.64451800001801	-0.79539139357933	-0.47920170424455	2.97904426635339
4.91000000000000	0.64999082911516	-0.76986878998689	-0.52976180455450	2.87130792686426
4.92000000000000	0.66030036050104	-0.74111570233360	-0.59064964918944	2.72723977327367
4.93000000000000	0.67482795280931	-0.71001252920842	-0.66082128466893	2.54583432863113
4.94000000000000	0.69260668196301	-0.67822519103801	-0.73903780377046	2.32698580105033
4.95000000000000	0.71294345524729	-0.64599616780823	-0.82357641616614	2.07192676922617
4.96000000000000	0.73509281890872	-0.61377785666083	-0.91278259169895	1.78373069154915
4.97000000000000	0.75837778035801	-0.58058252989998	-1.00454101213648	1.46666409678298
4.98000000000000	0.78211808303197	-0.54501327681993	-1.09665298449372	1.12664655471717
4.99000000000000	0.80602556184335	-0.50506453472194	-1.18701195213071	0.77113943400550
5.00000000000000	0.82991775319977	-0.45882169984909	-1.27355160566421	0.40879756575256
5.01000000000000	0.85389040701570	-0.40433915452981	-1.35439471125454	0.04888985984402
5.02000000000000	0.87769217845716	-0.34039956896125	-1.42783194228888	-0.29917147546614
5.03000000000000	0.90198977256818	-0.26702059178231	-1.49249771461125	-0.62613060395433
5.04000000000000	0.92654347103760	-0.18481456972599	-1.54721613487698	-0.92415355997359
5.05000000000000	0.95107356284896	-0.09609455908177	-1.59123463731490	-1.18664830385515
5.06000000000000	0.97500752051359	-0.00329237364791	-1.62388197004001	-1.40878419928799
5.07000000000000	0.99743328067176	0.08983565313599	-1.64494565900722	-1.58784212417865
5.08000000000000	1.01754717500789	0.18040366614845	-1.65449533353895	-1.72276631178169
5.09000000000000	1.03399496357027	0.26510998645578	-1.65291603177163	-1.81405422430270
5.10000000000000	1.04544330081414	0.34196677982227	-1.64077206512636	-1.86375259220027
5.11000000000000	1.05079919206106	0.40977141874718	-1.61905156769586	-1.87459360740816
5.12000000000000	1.04906742399858	0.46838669321817	-1.58892697546350	-1.84994832178489
5.13000000000000	1.03939734698615	0.51846267137342	-1.55166988989244	-1.79341599553630
5.14000000000000	1.02122468854882	0.56123545217763	-1.50852841010155	-1.70862705458562
5.15000000000000	0.99386946664793	0.59763303259986	-1.46107955047380	-1.59888385910135
5.16000000000000	0.95814207975076	0.63000155003729	-1.41075730952842	-1.46731448336312
5.17000000000000	0.91445184346164	0.65862783573617	-1.35879805472877	-1.31720243899685
5.18000000000000	0.86405652447358	0.68529533305909	-1.30659453874140	-1.15172706154612
5.19000000000000	0.80846838346904	0.71028259584977	-1.25493181619667	-0.97452018053106
5.20000000000000	0.74963389721361	0.73448984155552	-1.20474717820627	-0.78933665074869
5.21000000000000	0.68939735207457	0.75866329349951	-1.15657751189737	-0.60009271482006
5.22000000000000	0.62935476130370	0.78342951295792	-1.11074849010630	-0.41048316090922
5.23000000000000	0.57131018899163	0.81033569635107	-1.06753616246426	-0.22350537188245
5.24000000000000	0.51582266266694	0.84050982004116	-1.02705994053299	-0.04119439221160
5.25000000000000	0.46406186619808	0.87597811709877	-0.98946609830243	0.13573288078311
5.26000000000000	0.41627378751045	0.91749551747824	-0.95477127836296	0.30775834817865
5.27000000000000	0.37266833737796	0.96646477417287	-0.92304997978722	0.47629579130837
5.28000000000000	0.33292352703013	1.02252092560978	-0.89433766305961	0.64339215588900
5.29000000000000	0.29663588296329	1.08480721889189	-0.86855758029751	0.81105887790936
5.30000000000000	0.26326747983049	1.15088136866600	-0.84557519096344	0.98045093790557
5.31000000000000	0.23228201758565	1.21755728335415	-0.82520916517400	1.15176670011963
5.32000000000000	0.20328906336652	1.28091323146592	-0.80735049136605	1.32402460013562
5.33000000000000	0.17554419974433	1.33646683643949	-0.79175293576852	1.49461425015254
5.34000000000000	0.14879762377648	1.37958813031386	-0.77828255310420	1.66003105570709
5.35000000000000	0.12290906828909	1.40654267944894	-0.76688877415656	1.81594481565022
5.36000000000000	0.09761787086284	1.41411964567833	-0.75752700702848	1.95788870009561
5.37000000000000	0.07286999987763	1.40046419919825	-0.75010264408994	2.08150503955952
5.38000000000000	0.04882368580727	1.36469707437460	-0.74448053376761	2.18293784272574
5.39000000000000	0.02561304572977	1.30777522084567	-0.74040189480886	2.25943617981128
5.40000000000000	0.00338093462478	1.23164462567738	-0.73757436119513	2.30913418671013
5.41000000000000	-0.01730142549619	1.13956647086242	-0.73562955580379	2.33122978477067
5.42000000000000	-0.03549491056854	1.03548557875884	-0.73425990156727	2.32629103852585
5.43000000000000	-0.05062036027533	0.92367995197293	-0.73297521519087	2.29537567968599
5.44000000000000	-0.06182037641227	0.80874510057376	-0.73164441979028	2.24054922538556
5.45000000000000	-0.06840166625197	0.69441160536430	-0.73013766215874	2.16459923092754
5.46000000000000	-0.06950797784021	0.58421307419740	-0.72845852331946	2.07066257187597
5.47000000000000	-0.06477040248296	0.48006490825903	-0.72671792099415	1.96231350428864
5.48000000000000	-0.05451867346143	0.38299387393791	-0.72506663437578	1.84358953103958
5.49000000000000	-0.03897716404201	0.29318330711721	-0.72364816539641	1.71869964985222
5.50000000000000	-0.01849757811267	0.20970857803894	-0.72261953664530	1.59205563492147
5.51000000000000	0.00592050220126	0.13109559439436	-0.72205713893303	1.46813241688739
5.52000000000000	0.03332287515965	0.05586896281039	-0.72179979435559	1.35104563862661
5.53000000000000	0.06278657928436	-0.01770236896013	-0.72156971974934	1.24445718225711
5.54000000000000	0.09336359879305	-0.09069088553394	-0.72115620492498	1.15141678183156
5.55000000000000	0.12416500528042	-0.16381961487000	-0.72023939622134	1.07410690308243
5.56000000000000	0.15420166706028	-0.23741891911064	-0.71842181683160	1.01362072884520
5.57000000000000	0.18252749987332	-0.31130849474213	-0.71550698605912	0.96986875548291
5.58000000000000	0.20803444073903	-0.38540147770279	-0.71148548155476	0.94174997519995
5.59000000000000	0.22956925507981	-0.45944222961365	-0.70654528562939	0.92719864190577
5.60000000000000	0.24595988690431	-0.53319634444063	-0.70103805686264	0.92290667881341
5.61000000000000	0.25615451780638	-0.60666951926928	-0.69556608436496	0.92486727877897
5.62000000000000	0.25955489559084	-0.68031650645346	-0.69083074530723	0.92838132653580
5.63000000000000	0.25580030250116	-0.75419851740660	-0.68753631666533	0.92819143792930
5.64000000000000	0.24500807074228	-0.82868328420031	-0.68624746159545	0.91881136688958
5.65000000000000	0.22800906319175	-0.90273584161690	-0.68745195010796	0.89518386349353
5.66000000000000	0.20540642620396	-0.97648342897493	-0.69143502603774	0.85302200548679
5.67000000000000	0.17882214502609	-1.04768359584457	-0.69833791179861	0.78945468557805
5.68000000000000	0.14971167922943	-1.11557741313081	-0.70814175413306	0.70315107967334
5.69000000000000	0.12005917162026	-1.17741395916712	-0.72074182340182	0.59515875254370
5.70000000000000	0.09143768833302	-1.23164462272983	-0.73593506557197	0.46832117635642
5.71000000000000	0.06550030765040	-1.27629264200079	-0.75340943484138	0.32712563960077
5.72000000000000	0.04342314231536	-1.31018964337684	-0.77272914925037	0.17747997432775
5.73000000000000	0.02579485380731	-1.33289825022315	-0.79337164130940	0.02589022784888
5.74000000000000	0.01300993094898	-1.34396338482550	-0.81470433870662	-0.12112409883274
5.75000000000000	0.00442224725250	-1.34489873651767	-0.83601524505002	-0.25762509033984
5.76000000000000	-0.00029563703948	-1.33623700178767	-0.85648878214250	-0.37893564360058
5.77000000000000	-0.00238469529222	-1.32087930000478	-0.87527978987727	-0.48181300973196
5.78000000000000	-0.00278034151781	-1.30003087673075	-0.89151660641384	-0.56498773820472
5.79000000000000	-0.00256735963712	-1.27568837225224	-0.90438383852396	-0.62887670046677
5.80000000000000	-0.00275706768329	-1.24954577921561	-0.91320801364847	-0.67519296950689
5.81000000000000	-0.00421538269640	-1.22263727656331	-0.91749690051750	-0.70711988245295
5.82000000000000	-0.00749822203502	-1.19483146969170	-0.91693906484893	-0.72854342673521
5.83000000000000	-0.01307803808913	-1.16603282553984	-0.91147045786829	-0.74354097367279
5.84000000000000	-0.02107644089766	-1.13495600370365	-0.90132292270439	-0.75654138351945
5.85000000000000	-0.03152182950415	-1.10075219591888	-0.88678898046132	-0.77144564988115
5.86000000000000	-0.04412633183027	-1.06177681118608	-0.86829859987969	-0.79173147324432
5.87000000000000	-0.05847958097418	-1.01722929302219	-0.84635483135952	-0.81987644773430
5.88000000000000	-0.07374807103839	-0.96592270610321	-0.82157888755272	-0.85708858836243
5.89000000000000	-0.08904062517638	-0.90771731939718	-0.79456218172143	-0.90325970123155
5.90000000000000	-0.10340470904667	-0.84232083900814	-0.76583077942820	-0.95677060784295
5.91000000000000	-0.11587112907948	-0.77006752664834	-0.73594957789143	-1.01448587457674
5.92000000000000	-0.12543415595266	-0.69162992157151	-0.70551603930398	-1.07192993467738
5.93000000000000	-0.13123859460417	-0.60738526836436	-0.67511023498204	-1.12339884543524
5.94000000000000	-0.13263778617481	-0.51802496357190	-0.64530161465645	-1.16263935956746
5.95000000000000	-0.12913897172168	-0.42382305219399	-0.61667021836854	-1.18300798421603
5.96000000000000	-0.12049932893575	-0.32549303412311	-0.58978988900471	-1.17804787541735
5.97000000000000	-0.10655284291683	-0.22289034428043	-0.56514963062224	-1.14222965372401
5.98000000000000	-0.08774809313864	-0.11706270560189	-0.54323475797921	-1.07092754925707
5.99000000000000	-0.06481528780328	-0.00820393805876	-0.52432048970677	-0.96126097217623
6.00000000000000	-0.03891878537332	0.10220728951851	-0.50871307416746	-0.81211860493620
6.01000000000000	-0.01131071539581	0.21309829359925	-0.49664834954429	-0.62411023021872
6.02000000000000	0.01649831737939	0.32296090635004	-0.48831710447296	-0.40003753333561
6.03000000000000	0.04295946582224	0.43013514761142	-0.48384695244855	-0.14469755336583
6.04000000000000	0.06691813839251	0.53360932922259	-0.48320321479438	0.13528602670636
6.05000000000000	0.08709155697119	0.63164871317415	-0.48623874743062	0.43147475607725
6.06000000000000	0.10294874081366	0.72453401637762	-0.49260699255785	0.73426309358621
6.07000000000000	0.11393743388941	0.81167980369683	-0.50176995368755	1.03356233377062
6.08000000000000	0.11993474934534	0.89337184579819	-0.51301044963621	1.31945179545962
6.09000000000000	0.12109815835002	0.97094870394509	-0.52548075334978	1.58317682035147
6.10000000000000	0.11767519374692	1.04535908777309	-0.53829963170580	1.81775698442249
6.11000000000000	0.11033175834641	1.11767186321253	-0.55065432279404	2.01883765395729
6.12000000000000	0.09950240861647	1.18882089661793	-0.56170874286702	2.18456656813641
6.13000000000000	0.08565984771797	1.25884498611552	-0.57078560399192	2.31542094360706
6.14000000000000	0.06966495054185	1.32864238879610	-0.57736276199712	2.41431450505161
6.15000000000000	0.05210875538456	1.39736495143146	-0.58113447455149	2.48549266893225
6.16000000000000	0.03391817468864	1.46572138041392	-0.58198852214502	2.53386544270321
6.17000000000000	0.01589095791926	1.53269218460725	-0.58004514301003	2.56454114591729
6.18000000000000	-0.00109934118418	1.59902254767187	-0.57570059772218	2.58194357219309
6.19000000000000	-0.01584409111442	1.66366979436530	-0.56959498677651	2.58937652698509
6.20000000000000	-0.02751844470323	1.72669765792932	-0.56238595477600	2.58879103980440
6.21000000000000	-0.03542553374090	1.78694579353684	-0.55488670879041	2.58069955177726
6.22000000000000	-0.03886068677027	1.84333859450428	-0.54792004428970	2.56438554084956
6.23000000000000	-0.03727969908200	1.89453100999792	-0.54222896430140	2.53824162494262
6.24000000000000	-0.03082042065074	1.93887317886181	-0.53848796885967	2.50005887837803
6.25000000000000	-0.01972303254918	1.97510100626077	-0.53723797350454	2.44741399373070
6.26000000000000	-0.00457371035321	2.00182150573302	-0.53889939295251	2.37794571318570
6.27000000000000	0.01363397370517	2.01758175246065	-0.54367116671106	2.28940174668829
6.28000000000000	0.03401739122151	2.02225033620320	-0.55173617325016	2.17991200328084
6.29000000000000	0.05523511830040	2.01503806640290	-0.56304131024214	2.04782793990183
6.30000000000000	0.07613844347648	1.99576084761049	-0.57747357144853	1.89212942466159
6.31000000000000	0.09570364515614	1.96411799951923	-0.59487448867790	1.71236663897245
6.32000000000000	0.11295092496918	1.91964630191239	-0.61498025848520	1.50895004211123
6.33000000000000	0.12723222113304	1.86168932617986	-0.63754154466116	1.28344339680158
6.34000000000000	0.13814584780312	1.78931770891798	-0.66229691792504	1.03851260516334
6.35000000000000	0.14562531151083	1.70133662327258	-0.68901035112203	0.77807796234864
6.36000000000000	0.14958443418887	1.59709110513987	-0.71709271084163	0.50670079412022
6.37000000000000	0.15016630082885	1.47608145239062	-0.74595807602888	0.22960378160655
6.38000000000000	0.14785290256303	1.33894852623047	-0.77481421327153	-0.04788983219214
6.39000000000000	0.14300048511825	1.18669670534016	-0.80273067382669	-0.32063001424419
6.40000000000000	0.13613955370993	1.02189582082418	-0.82845881005748	-0.58432071769166
6.41000000000000	0.12799521460524	0.84765230032918	-0.85083943641583	-0.83520340252023
6.42000000000000	0.11940617253049	0.66756482420982	-0.86880478626995	-1.07022216930518
6.43000000000000	0.11134066959156	0.48531935598431	-0.88153824860816	-1.28703658429723
6.44000000000000	0.10461025690678	0.30461146182635	-0.88840860372434	-1.48378589930527
6.45000000000000	0.09973731772402	0.12823828564521	-0.88909004367133	-1.65895348781516
6.46000000000000	0.09765529601287	-0.04106904238280	-0.88374708628631	-1.81117712515616
6.47000000000000	0.09833731496317	-0.20292537767468	-0.87270196053434	-1.93928836761897
6.48000000000000	0.10152434895912	-0.35617600851145	-0.85648861554914	-2.04216505104893
6.49000000000000	0.10641194759581	-0.50189894178404	-0.83584706885283	-2.11881967655247
6.50000000000000	0.11239588906913	-0.64032152200208	-0.81167321002979	-2.16798990566378
6.51000000000000	0.11831359085009	-0.77302439556085	-0.78494231888722	-2.18858570665925
6.52000000000000	0.12361906690838	-0.90053249672800	-0.75683173437919	-2.17941193082490
6.53000000000000	0.12788924738682	-1.02342674282769	-0.72856396266157	-2.13915576473677
6.54000000000000	0.13092045850344	-1.14191963373035	-0.70141445816340	-2.06686060019266
6.55000000000000	0.13273828277873	-1.25504927801820	-0.67651443096428	-1.96197169896619
6.56000000000000	0.13418094465236	-1.36205481597024	-0.65525834221254	-1.82390702286350
6.57000000000000	0.13569058463296	-1.46060218394519	-0.63863797493931	-1.65321151855410
6.58000000000000	0.13795264544249	-1.54797952694188	-0.62745521163958	-1.45107640264522
6.59000000000000	0.14130521931676	-1.62218720238650	-0.62206972352788	-1.21956259194029
6.60000000000000	0.14623312951570	-1.68067236030408	-0.62268257361404	-0.96174481979804
6.61000000000000	0.15299439283788	-1.72186396076139	-0.62904342689485	-0.68152792485487
6.62000000000000	0.16170856211903	-1.74510157291514	-0.64049683835542	-0.38353872093747
6.63000000000000	0.17218273973406	-1.75054916410380	-0.65590884612900	-0.07342643921799
6.64000000000000	0.18450571657651	-1.73957327603914	-0.67404372981879	0.24308034052276
6.65000000000000	0.19875815175707	-1.71388852496904	-0.69326465047796	0.55990850866538
6.66000000000000	0.21466197846513	-1.67661554993798	-0.71215154306345	0.87123434387396
6.67000000000000	0.23175246909511	-1.63027255290317	-0.72870989255618	1.17118491856156
6.68000000000000	0.24960791448311	-1.57834036040374	-0.74168702557777	1.45480203451970
6.69000000000000	0.26761381790819	-1.52331000356081	-0.74984491773235	1.71765331398468
6.70000000000000	0.28471003704176	-1.46819224215480	-0.75230274052094	1.95591745307059
6.71000000000000	0.29969493987268	-1.41478606119454	-0.74851869956004	2.16610824391258
6.72000000000000	0.31113354697859	-1.36459778704990	-0.73845352585134	2.34571208354763
6.73000000000000	0.31772190758974	-1.31841808777689	-0.72240691756766	2.49253484535344
6.74000000000000	0.31805139788768	-1.27630477334880	-0.70099961013236	2.60481276838551
6.75000000000000	0.31089870899147	-1.23824953189046	-0.67506164982536	2.68162178471591
6.76000000000000	0.29596712251466	-1.20361367661999	-0.64566243747067	2.72261119666221
6.77000000000000	0.27346936270829	-1.17149324261691	-0.61394504567318	2.72806629260178
6.78000000000000	0.24406214274307	-1.14148523358558	-0.58107064865700	2.69942965693186
6.79000000000000	0.20904581220405	-1.11255775862664	-0.54821154169922	2.63883824124117
6.80000000000000	0.17019190659915	-1.08418143414620	-0.51646929794310	2.54923329185718
6.81000000000000	0.12944387973153	-1.05545368822435	-0.48687421653485	2.43465867654327
6.82000000000000	0.08873338538758	-1.02520797215450	-0.46038066094393	2.29960759662838
6.83000000000000	0.04985451633312	-0.99214639919783	-0.43791097946007	2.14907536525688
6.84000000000000	0.01427162373391	-0.95461954738014	-0.42024449222181	1.98843490297184
6.85000000000000	-0.01698598066560	-0.91101931340883	-0.40811026574602	1.82298554612253
6.86000000000000	-0.04320464760335	-0.85983189288889	-0.40223628722788	1.65785510203510
6.87000000000000	-0.06395821112107	-0.79944530106899	-0.40326293883404	1.49791492294630
6.88000000000000	-0.07915501129043	-0.72958194444283	-0.41169436207003	1.34731791559229
6.89000000000000	-0.08857217328101	-0.64973928982625	-0.42793181744877	1.20926533791426
6.90000000000000	-0.09228038746158	-0.56092361951760	-0.45204635529146	1.08607689761280
6.91000000000000	-0.09026303485955	-0.46463580619773	-0.48406002992798	0.97897858039882
6.92000000000000	-0.08247798037420	-0.36280948297748	-0.52352412029602	0.88801963415988
6.93000000000000	-0.06913527924929	-0.25798750011722	-0.56975867323883	0.81232502687335
6.94000000000000	-0.05076012918508	-0.15359766945519	-0.62184452951945	0.75018375089874
6.95000000000000	-0.02759403136985	-0.05198140509930	-0.67859689371028	0.69907781259638
6.96000000000000	-0.00073507543426	0.04302170301632	-0.73854019204321	0.65589580625979
6.97000000000000	0.02920340419605	0.12975462564823	-0.80001138086306	0.61713393656477
6.98000000000000	0.06102720668189	0.20510148552603	-0.86122845310397	0.57904253843216
6.99000000000000	0.09419752795513	0.26880104322288	-0.92029396628064	0.53790809227606
7.00000000000000	0.12768639089601	0.31946441876901	-0.97542988968298	0.49035328474480
7.01000000000000	0.16117659189412	0.35824198629391	-1.02495400619593	0.43366208074633
7.02000000000000	0.19405139196086	0.38571577657193	-1.06736199183911	0.36587955118699
7.03000000000000	0.22600704962390	0.40361472521207	-1.10143135011392	0.28600603781070
7.04000000000000	0.25677853653417	0.41387590725921	-1.12623508591030	0.19411279441298
7.05000000000000	0.28595286373818	0.41807831875913	-1.14118258429453	0.09147942384322
7.06000000000000	0.31352112028653	0.41828281673558	-1.14599006100924	-0.01954340210226
7.07000000000000	0.33937346513411	0.41572162448957	-1.14069444378987	-0.13548305946896
7.08000000000000	0.36338589197595	0.41065749668249	-1.12577790786593	-0.25198364063986
7.09000000000000	0.38590589814986	0.40468614279809	-1.10199683580121	-0.36404133615905
7.10000000000000	0.40704815062466	0.39749280155196	-1.07036082921155	-0.46641404312914
7.11000000000000	0.42732146935664	0.38973420169121	-1.03208727907864	-0.55420487674266
7.12000000000000	0.44707522196595	0.38134338709516	-0.98853241514768	-0.62333806442411
7.13000000000000	0.46669271181553	0.37211888883475	-0.94105125278277	-0.67089385352492
7.14000000000000	0.48641513282940	0.36250196745802	-0.89094654019245	-0.69548369639683
7.15000000000000	0.50624191108313	0.35262243782594	-0.83932089233902	-0.69756533237282
7.16000000000000	0.52598200122629	0.34299890237361	-0.78712282263844	-0.67904818852715
7.17000000000000	0.54509985452142	0.33392203991927	-0.73512561444188	-0.64312082354030
7.18000000000000	0.56283809486128	0.32572335040981	-0.68377526558717	-0.59411012434216
7.19000000000000	0.57828579809901	0.31833819093581	-0.63324858901719	-0.53679583234973
7.20000000000000	0.59039598269610	0.31133014964246	-0.58359378596208	-0.47587598976617
7.21000000000000	0.59806368673379	0.30349539640053	-0.53481953768884	-0.41547806736778
7.22000000000000	0.60064149852990	0.29360504674780	-0.48671409273642	-0.35907830952123
7.23000000000000	0.59762726601759	0.28007576143034	-0.43909733259740	-0.30910407966779
7.24000000000000	0.58889716808746	0.26117700398176	-0.39200872978574	-0.26664800270988
7.25000000000000	0.57496889125892	0.23594213248831	-0.34562160706244	-0.23186952650963
7.26000000000000	0.55637989009787	0.20306809942096	-0.30026907323006	-0.20415148804125
7.27000000000000	0.53442791799350	0.16287274873418	-0.25645574946648	-0.18206397285507
7.28000000000000	0.51014178226111	0.11518889387388	-0.21496249921255	-0.16374392527836
7.29000000000000	0.48504223616062	0.06133401745583	-0.17670522058061	-0.14710295217924
7.30000000000000	0.46027263887463	0.00189780337205	-0.14270063170528	-0.12993163864131
7.31000000000000	0.43707730768427	-0.06150659728907	-0.11408831324069	-0.11002703802393
7.32000000000000	0.41646483221535	-0.12809599980224	-0.09163125259127	-0.08559545412921
7.33000000000000	0.39920801021136	-0.19714268381516	-0.07623684847054	-0.05478674479726
7.34000000000000	0.38579415422578	-0.26844035825268	-0.06855349268466	-0.01602307230863
7.35000000000000	0.37631829965263	-0.34212245821812	-0.06901636741717	0.03211452634914
7.36000000000000	0.37071633418191	-0.41816643841313	-0.07774866151798	0.09062601540441
7.37000000000000	0.36834255068687	-0.49731435358537	-0.09453562031249	0.16011912915632
7.38000000000000	0.36839417002599	-0.57925730241581	-0.11886155208246	0.24061439612992
7.39000000000000	0.36974658452320	-0.66336518149844	-0.14988031905412	0.33134173512650
7.40000000000000	0.37080422925392	-0.74944191755694	-0.18637915869950	0.43087971225889
7.41000000000000	0.37022115982063	-0.83590771657177	-0.22667339683373	0.53674711350707
7.42000000000000	0.36641554765768	-0.92187694223001	-0.26902744618404	0.64611313194711
7.43000000000000	0.35811225424413	-1.00604711813301	-0.31154221730431	0.75573542468637
7.44000000000000	0.34439479338646	-1.08707802203906	-0.35223405908813	0.86203311634404
7.45000000000000	0.32464997394220	-1.16464564415294	-0.38923631865580	0.96159877051164
7.46000000000000	0.29899597269123	-1.23741255435511	-0.42090524552405	1.05144442283350
7.47000000000000	0.26743641007186	-1.30588415826446	-0.44597131619712	1.12923336454312
7.48000000000000	0.23100650615304	-1.36893956760918	-0.46361416554830	1.19346924241399
7.49000000000000	0.19076669168228	-1.42763230391985	-0.47351000366369	1.24356387748466
7.50000000000000	0.14816995690265	-1.48086176948660	-0.47574285410359	1.27987209252797
7.51000000000000	0.10460279738917	-1.52839867121225	-0.47093055259762	1.30354356113055
7.52000000000000	0.06158090637841	-1.56976616731920	-0.46013480658861	1.31629421652218
7.53000000000000	0.02074449445021	-1.60417469948831	-0.44463350467826	1.32031073569754
7.54000000000000	-0.01642598249309	-1.63064232260180	-0.42594995648489	1.31776179439578
7.55000000000000	-0.04868839970048	-1.64805036980271	-0.40578847743701	1.31061243425030
7.56000000000000	-0.07476861503732	-1.65481992296427	-0.38586657313841	1.30059663139273
7.57000000000000	-0.09363301894935	-1.65023896531388	-0.36779052823960	1.28865548917938
7.58000000000000	-0.10440791074775	-1.63272062584673	-0.35301234821453	1.27538827465149
7.59000000000000	-0.10681266357590	-1.60208878970644	-0.34293001139901	1.26033931434102
7.60000000000000	-0.10118362178282	-1.55705627903299	-0.33863551986420	1.24323566018219
7.61000000000000	-0.08791559637435	-1.49812730882424	-0.34073162706922	1.22281762009852
7.62000000000000	-0.06805913702222	-1.42582923112132	-0.34957956529687	1.19778163973744
7.63000000000000	-0.04314827030876	-1.34128987425804	-0.36513621518272	1.16688837142260
7.64000000000000	-0.01507216644141	-1.24633181459291	-0.38698320370351	1.12899089949598
7.65000000000000	0.01417152416174	-1.14319965835947	-0.41426976491449	1.08315729272545
7.66000000000000	0.04249041015186	-1.03420811674673	-0.44592725645349	1.02897366958979
7.67000000000000	0.06771449915582	-0.92214459830903	-0.48069930647385	0.96647714088971
7.68000000000000	0.08819134557568	-0.80899820309602	-0.51714906117112	0.89600246340888
7.69000000000000	0.10243438063356	-0.69689006150392	-0.55377182432842	0.81802270345566
7.70000000000000	0.10913417780815	-0.58695260752123	-0.58915548688647	0.73312176265741
7.71000000000000	0.10791523106618	-0.47982495034246	-0.62190888414329	0.64169752034737
7.72000000000000	0.09865185835453	-0.37574746765477	-0.65081504277397	0.54366094011949
7.73000000000000	0.08177271331340	-0.27409287492697	-0.67475796466567	0.43861947288977
7.74000000000000	0.05797612582856	-0.17378177286463	-0.69285577456987	0.32577237536278
7.75000000000000	0.02808092802099	-0.07387356345281	-0.70440510099774	0.20396908718051
7.76000000000000	-0.00659241436084	0.02755412964931	-0.70887036111183	0.07201649599207
7.77000000000000	-0.04496754061962	0.13129935648235	-0.70590163701898	-0.07118055384610
7.78000000000000	-0.08583480815250	0.23935353644549	-0.69541084328835	-0.22609739942426
7.79000000000000	-0.12820830152027	0.35202254571332	-0.67743926713733	-0.39261939983123
7.80000000000000	-0.17059313567119	0.47022768851387	-0.65214725214035	-0.56983174497851
7.81000000000000	-0.21211587799671	0.59337713439683	-0.62004150865316	-0.75553349382683
7.82000000000000	-0.25159597778571	0.72152362432700	-0.58169563673790	-0.94678558037359
7.83000000000000	-0.28823318950586	0.85352751850469	-0.53781205441385	-1.13974648247202
7.84000000000000	-0.32119417549846	0.98839847196805	-0.48920767241897	-1.32946663460471
7.85000000000000	-0.35010667631462	1.12512873750129	-0.43717529725019	-1.51033005652681
7.86000000000000	-0.37482897857752	1.26233526677653	-0.38277467726359	-1.67637091421023
7.87000000000000	-0.39525381886289	1.39871909959260	-0.32736449047990	-1.82112242795568
7.88000000000000	-0.41207058291123	1.53287393304792	-0.27219310558292	-1.93869558404650
7.89000000000000	-0.42616302987187	1.66279188016116	-0.21868482027416	-2.02320825581661
7.90000000000000	-0.43837273195512	1.78711407002891	-0.16815092235689	-2.06975105340323
7.91000000000000	-0.44992697339342	1.90340940514082	-0.12179139896736	-2.07466186882360
7.92000000000000	-0.46182263465687	2.00951092555681	-0.08069703213803	-2.03530135312232
7.93000000000000	-0.47516003452141	2.10323998000435	-0.04579949428144	-1.95087129280956
7.94000000000000	-0.49065620950634	2.18243063511513	-0.01781199385238	-1.82222373884606
7.95000000000000	-0.50861188810822	2.24535173153563	0.00277556667477	-1.65162519490817
7.96000000000000	-0.52902140051170	2.29036962316728	0.01567145730418	-1.44319422354558
7.97000000000000	-0.55149694438985	2.31762682484371	0.02095117783669	-1.20252750255465
7.98000000000000	-0.57568105720610	2.32711779338803	0.01874755026326	-0.93638264204471
7.99000000000000	-0.60050512906357	2.32078269134480	0.00979070257299	-0.65231402338779
8.00000000000000	-0.62506699001909	2.30034151352854	-0.00573194560490	-0.35823410294052
8.01000000000000	-0.64834843640079	2.26873237841017	-0.02678527147342	-0.06227260895700
8.02000000000000	-0.66914566879018	2.22895152593803	-0.05258668926848	0.22807938802891
8.03000000000000	-0.68640692469619	2.18375020757090	-0.08232720876794	0.50635083942620
8.04000000000000	-0.69918294383822	2.13532015893711	-0.11522276593461	0.76725624690666
8.05000000000000	-0.70676059219146	2.08544865196957	-0.15033897043849	1.00697545448859
8.06000000000000	-0.70877391483917	2.03450110954613	-0.18683462469877	1.22323172186598
8.07000000000000	-0.70508025197370	1.98280946518681	-0.22399471584919	1.41515102480991
8.08000000000000	-0.69602073925372	1.92905251070990	-0.26110186079277	1.58323417910878
8.09000000000000	-0.68207399270077	1.87275669035195	-0.29748027379598	1.72885440671125
8.10000000000000	-0.66433008389818	1.81202794499162	-0.33264174243520	1.85396553579049
8.11000000000000	-0.64383654611748	1.74611826164288	-0.36624202139973	1.96096753203057
8.12000000000000	-0.62199391528476	1.67370924468263	-0.39810746931382	2.05204023634735
8.13000000000000	-0.60037281361878	1.59446940382478	-0.42829339891006	2.12894170299898
8.14000000000000	-0.58051585414105	1.50825886885788	-0.45697031177421	2.19287170925533
8.15000000000000	-0.56389283870924	1.41529414136156	-0.48439731369635	2.24416559959872
8.16000000000000	-0.55164746772298	1.31650121854313	-0.51083076527737	2.28220892080419
8.17000000000000	-0.54461962284729	1.21277026307894	-0.53664748944354	2.30607482706418
8.18000000000000	-0.54328750283551	1.10513869116119	-0.56200998980040	2.31424609808569
8.19000000000000	-0.54742189467627	0.99515981092928	-0.58704025401872	2.30522380702571
8.20000000000000	-0.55625266974959	0.88419879393869	-0.61178022046519	2.27788428274581
8.21000000000000	-0.56891110311029	0.77325708331043	-0.63613245966697	2.23156508154306
8.22000000000000	-0.58395627113253	0.66377141480895	-0.65989912290459	2.16625934210924
8.23000000000000	-0.59994074386610	0.55637409708882	-0.68278517660291	2.08262829472993
8.24000000000000	-0.61514087702056	0.45188745562268	-0.70437124396699	1.98178392166547
8.25000000000000	-0.62839070982212	0.35117110047050	-0.72410159759496	1.86513055971931
8.26000000000000	-0.63877308259907	0.25378482899413	-0.74142586241081	1.73424255631639
8.27000000000000	-0.64532990789103	0.16073407342218	-0.75559532262655	1.59053390302842
8.28000000000000	-0.64806091654863	0.07062409238277	-0.76580917300086	1.43507648631129
8.29000000000000	-0.64660668720436	-0.01564119974131	-0.77131284448707	1.26865385534846
8.30000000000000	-0.64160913678325	-0.09983468686853	-0.77131945665148	1.09181879376289
8.31000000000000	-0.63313733768599	-0.18156142905788	-0.76512854593627	0.90476484942764
8.32000000000000	-0.62171331882205	-0.26151939145986	-0.75211425172798	0.70761191764399
8.33000000000000	-0.60789081361865	-0.34001558775846	-0.73204748615339	0.50097507109636
8.34000000000000	-0.59235671895863	-0.41695958360780	-0.70489224391173	0.28570238868472
8.35000000000000	-0.57557343079458	-0.49237965203552	-0.67100044532083	0.06338456375102
8.36000000000000	-0.55809922288414	-0.56609602257396	-0.63099268494424	-0.16360394586140
8.37000000000000	-0.54050551577362	-0.63658440772062	-0.58597133313228	-0.39203220482013
8.38000000000000	-0.52372489159265	-0.70415277105265	-0.53723971106410	-0.61792659107098
8.39000000000000	-0.50796591414992	-0.76689127040041	-0.48632168316498	-0.83660757532295
8.40000000000000	-0.49400586579889	-0.82481970372635	-0.43481109964008	-1.04312783753813
8.41000000000000	-0.48204145064706	-0.87597390091666	-0.38430912256586	-1.23220889100192
8.42000000000000	-0.47255141794455	-0.91989831773462	-0.33622586596135	-1.39889797656687
8.43000000000000	-0.46556771327513	-0.95502110575619	-0.29175520631364	-1.53871106550846
8.44000000000000	-0.46128682866945	-0.98002284556404	-0.25182016276022	-1.64773638910881
8.45000000000000	-0.45924695069736	-0.99424588001266	-0.21701513738029	-1.72311001605895
8.46000000000000	-0.45924450257779	-0.99656912536728	-0.18765145622412	-1.76303309922297
8.47000000000000	-0.46089193863098	-0.98685845263090	-0.16379463349884	-1.76667395795893
8.48000000000000	-0.46356988873540	-0.96550168815739	-0.14528805030478	-1.73472056367396
8.49000000000000	-0.46670922721332	-0.93337797080909	-0.13179699774508	-1.66889171227511
8.50000000000000	-0.46977196490607	-0.89236995818593	-0.12287924370646	-1.57186888722336
8.51000000000000	-0.47221926538140	-0.84483900568166	-0.11801320925670	-1.44766317453098
8.52000000000000	-0.47350095209024	-0.79335007765515	-0.11671687805664	-1.30095745606326
8.53000000000000	-0.47319130620214	-0.74063018846864	-0.11848971797632	-1.13686431811697
8.54000000000000	-0.47070338518920	-0.68940075443212	-0.12301134646669	-0.96099436932883
8.55000000000000	-0.46544104699409	-0.64201486854892	-0.13012134759731	-0.77878650463552
8.56000000000000	-0.45730191978571	-0.60057987371477	-0.13978990012983	-0.59545444651932
8.57000000000000	-0.44570691028560	-0.56590926790983	-0.15220201123710	-0.41559814199875
8.58000000000000	-0.43066577277137	-0.53948926222552	-0.16765261045781	-0.24305809455591
8.59000000000000	-0.41184162783934	-0.52076406032925	-0.18651052334344	-0.08085419049125
8.60000000000000	-0.38940978944300	-0.51005422075118	-0.20898759723760	0.06908652503137
8.61000000000000	-0.36328573011524	-0.50592280393019	-0.23524476377734	0.20592407508501
8.62000000000000	-0.33388171825919	-0.50794227680699	-0.26532299601424	0.32972218485264
8.63000000000000	-0.30153128942827	-0.51459258710855	-0.29898231935765	0.44172209341708
8.64000000000000	-0.26622753562528	-0.52503748638244	-0.33564241184269	0.54380609134116
8.65000000000000	-0.22853628618751	-0.53812016134588	-0.37474425670347	0.63844040566876
8.66000000000000	-0.18878621809060	-0.55281514912482	-0.41547362887245	0.72833868445606
8.67000000000000	-0.14724913030842	-0.56814104788530	-0.45685296032616	0.81583874139034
8.68000000000000	-0.10440881180131	-0.58376866910268	-0.49769812925006	0.90263982737938
8.69000000000000	-0.06013678118430	-0.59820463647202	-0.53687455721924	0.98961588459031
8.70000000000000	-0.01479395657733	-0.61128474844407	-0.57321481052626	1.07654788013544
8.71000000000000	0.03169465165032	-0.62140032465548	-0.60549640312835	1.16207102832266
8.72000000000000	0.07878044684372	-0.62790343286434	-0.63259400425227	1.24393317581193
8.73000000000000	0.12664203421377	-0.62979803186120	-0.65344856880302	1.31914572131249
8.74000000000000	0.17476764499652	-0.62620056920794	-0.66737091366445	1.38458271543835
8.75000000000000	0.22271007732365	-0.61651851737415	-0.67384476640648	1.43730452558046
8.76000000000000	0.26989688283484	-0.60026800164213	-0.67259115213358	1.47480959551042
8.77000000000000	0.31565307821294	-0.57802576978365	-0.66385532631742	1.49551948285324
8.78000000000000	0.35947045748296	-0.55006379592333	-0.64816470129872	1.49904195294837
8.79000000000000	0.40047361043112	-0.51809023163078	-0.62631360797502	1.48600354567293
8.80000000000000	0.43803456422179	-0.48302696909606	-0.59931430210219	1.45775897280569
8.81000000000000	0.47140112427742	-0.44706663316402	-0.56845352306053	1.41673102361395
8.82000000000000	0.50003049330300	-0.41208099125751	-0.53492372635635	1.36568949938782
8.83000000000000	0.52339565600864	-0.37976932697880	-0.49979807530573	1.30735107566453
8.84000000000000	0.54091169219911	-0.35139641212302	-0.46419917144198	1.24450623590955
8.85000000000000	0.55222771964480	-0.32807303536964	-0.42892050020470	1.17930021161388
8.86000000000000	0.55715458971571	-0.31042236965881	-0.39447566708040	1.11318943197742
8.87000000000000	0.55564312097170	-0.29900335501148	-0.36110698553410	1.04672384327889
8.88000000000000	0.54790592059147	-0.29344763450525	-0.32888558196568	0.97963321513624
8.89000000000000	0.53470236423094	-0.29390648517267	-0.29764810168811	0.91106373863884
8.90000000000000	0.51684511709477	-0.29977551438154	-0.26723803453557	0.83964295305290
8.91000000000000	0.49540266333892	-0.31101403526085	-0.23760208427066	0.76384938475118
8.92000000000000	0.47154355234364	-0.32711889678504	-0.20853503837463	0.68240809760702
8.93000000000000	0.44643671531401	-0.34805712500092	-0.18021038555211	0.59450618890087
8.94000000000000	0.42127873141044	-0.37366225230166	-0.15287269710598	0.49986561082419
8.95000000000000	0.39703459995666	-0.40376367982055	-0.12688905328975	0.39912143004393
8.96000000000000	0.37430716226568	-0.43816541387088	-0.10276583349451	0.29363710717372
8.97000000000000	0.35367430915381	-0.47647720508621	-0.08100269112583	0.18561194171354
8.98000000000000	0.33541651125712	-0.51813623863424	-0.06208518893211	0.07769107534482
8.99000000000000	0.31950284668078	-0.56220786926899	-0.04645328810744	-0.02695083867306
9.00000000000000	0.30549315245614	-0.60752240825588	-0.03457730698605	-0.12473168532665
9.01000000000000	0.29297673981634	-0.65267606068271	-0.02663981738009	-0.21234067603179
9.02000000000000	0.28093177555539	-0.69640708194401	-0.02249447919414	-0.28672388736052
9.03000000000000	0.26843546479175	-0.73738414579627	-0.02190728065824	-0.34530259154606
9.04000000000000	0.25423263922684	-0.77474403266234	-0.02440541176091	-0.38626464782606
9.05000000000000	0.23702717741754	-0.80808878421304	-0.02912316178001	-0.40883067949249
9.06000000000000	0.21551748323733	-0.83758777790100	-0.03495349911431	-0.41354343314504
9.07000000000000	0.18839416130807	-0.86423057362148	-0.04041995963659	-0.40225608688761
9.08000000000000	0.15485893105296	-0.88884582705812	-0.04448269498894	-0.37777848135567
9.09000000000000	0.11416157744986	-0.91361328136193	-0.04565527973210	-0.34456371631636
9.10000000000000	0.06653279005051	-0.93979494322858	-0.04273663437621	-0.30784383767764
9.11000000000000	0.01210946926976	-0.96939337548733	-0.03485727898091	-0.27359645713845
9.12000000000000	-0.04784755930444	-1.00293641651014	-0.02159969954604	-0.24792592528523
9.13000000000000	-0.11177609432461	-1.04088737409087	-0.00279879191800	-0.23681198601682
9.14000000000000	-0.17784687823982	-1.08284829509936	0.02124064370098	-0.24566765812902
9.15000000000000	-0.24394498907804	-1.12753318813993	0.04981219300696	-0.27843303169635
9.16000000000000	-0.30774280959773	-1.17296152070195	0.08178429609127	-0.33756543595847
9.17000000000000	-0.36730901466632	-1.21701517796407	0.11579950016996	-0.42378925076116
9.18000000000000	-0.42081307004331	-1.25664396055228	0.15024179534571	-0.53553614959502
9.19000000000000	-0.46712558895542	-1.29030643728616	0.18345183144904	-0.66952178363427
9.20000000000000	-0.50506725192486	-1.31518199594664	0.21359100244923	-0.82042290648585
9.21000000000000	-0.53442294423158	-1.33088114163548	0.23905536574836	-0.98161259765994
9.22000000000000	-0.55490234383426	-1.33643662884837	0.25829834212213	-1.14540328280083
9.23000000000000	-0.56689268014751	-1.33282527827260	0.27006835846887	-1.30356810653581
9.24000000000000	-0.57079711939691	-1.32093124404057	0.27345904891986	-1.44798863051904
9.25000000000000	-0.56737977207872	-1.30256404263811	0.26792104739074	-1.57096221342387
9.26000000000000	-0.55751515296384	-1.27950117016557	0.25335093954166	-1.66570561675791
9.27000000000000	-0.54230556404677	-1.25320466822900	0.23006456539817	-1.72685750841835
9.28000000000000	-0.52292796468723	-1.22531013195552	0.19881502334782	-1.75026086507092
9.29000000000000	-0.50065602289427	-1.19624786508587	0.16069851528041	-1.73343893611801
9.30000000000000	-0.47717080279550	-1.16675193140980	0.11696920415875	-1.67545201814368
9.31000000000000	-0.45388775660360	-1.13654768978851	0.06913912255959	-1.57668770105271
9.32000000000000	-0.43221474020561	-1.10522940060179	0.01876857249010	-1.43891021240494
9.33000000000000	-0.41355226351659	-1.07258569305884	-0.03261531071261	-1.26522639816156
9.34000000000000	-0.39888458136159	-1.03806426181693	-0.08359108229592	-1.05952552360055
9.35000000000000	-0.38880905479575	-1.00113082775149	-0.13288226581423	-0.82660388132683
9.36000000000000	-0.38350206422505	-0.96163932581526	-0.17939658844992	-0.57198629457527
9.37000000000000	-0.38245921046770	-0.91910237969233	-0.22225200713618	-0.30146166812457
9.38000000000000	-0.38495880060112	-0.87401173412995	-0.26076487248193	-0.02105993469762
9.39000000000000	-0.38968875733352	-0.82593903155355	-0.29445763574805	0.26309298339071
9.40000000000000	-0.39525837140342	-0.77539782430804	-0.32300254678220	0.54495872621088
9.41000000000000	-0.40004859614796	-0.72226186972041	-0.34613453503692	0.81861146991892
9.42000000000000	-0.40282012348717	-0.66709685685313	-0.36369575552423	1.07852654455567
9.43000000000000	-0.40226177762026	-0.60968149752798	-0.37555734726276	1.31944522402197
9.44000000000000	-0.39753988774715	-0.55021273571513	-0.38170059686580	1.53687437116379
9.45000000000000	-0.38819041343734	-0.48866768761300	-0.38217634321931	1.72730012868778
9.46000000000000	-0.37414420087606	-0.42498012847447	-0.37714546256745	1.88810747820369
9.47000000000000	-0.35569407182164	-0.35945436331544	-0.36687036919830	2.01804149467167
9.48000000000000	-0.33326547057720	-0.29239739052454	-0.35171023039942	2.11706219901461
9.49000000000000	-0.30752880198510	-0.22463702113529	-0.33220454996838	2.18624253457947
9.50000000000000	-0.27901021012375	-0.15674447918300	-0.30887803204996	2.22765982650220
9.51000000000000	-0.24865884893179	-0.09047281840621	-0.28236562911134	2.24405493748418
9.52000000000000	-0.21694923894351	-0.02658159774639	-0.25336516918293	2.23848235212479
9.53000000000000	-0.18481818729371	0.03314175779326	-0.22265220008939	2.21425305101813
9.54000000000000	-0.15298133196062	0.08820273313392	-0.19110159194076	2.17426303388780
9.55000000000000	-0.12237193096626	0.13766847531432	-0.15963096785810	2.12097988907580
9.56000000000000	-0.09375862555622	0.18141083172017	-0.12919089393008	2.05629100785409
9.57000000000000	-0.06782838370035	0.21999174601554	-0.10072908790148	1.98112965658097
9.58000000000000	-0.04519366064668	0.25386534347268	-0.07513825755301	1.89576889118672
9.59000000000000	-0.02558753966226	0.28546945742470	-0.05322526934537	1.79972236510260
9.60000000000000	-0.00931162968598	0.31520053410657	-0.03560709194345	1.69190689306478
9.61000000000000	0.00459095424945	0.34590674175252	-0.02273691844513	1.57089279822910
9.62000000000000	0.01677266607588	0.37838752077434	-0.01474450612777	1.43491612982371
9.63000000000000	0.02830793584154	0.41393510747271	-0.01159992822866	1.28242309237930
9.64000000000000	0.04039122337595	0.45329140826012	-0.01310090921690	1.11225814941450
9.65000000000000	0.05418826940963	0.49668168016771	-0.01892258601358	0.92368685644266
9.66000000000000	0.07036623632334	0.54382101800621	-0.02853892613066	0.71695195162598
9.67000000000000	0.08957848903412	0.59412316583941	-0.04153221061163	0.49323283715793
9.68000000000000	0.11186462394248	0.64585233118324	-0.05739856600360	0.25441587323265
9.69000000000000	0.13714576259549	0.69809912919283	-0.07552436670215	0.00353903503253
9.70000000000000	0.16471094775298	0.74831223778427	-0.09529701810503	-0.25580753382419
9.71000000000000	0.19409035821886	0.79518713608183	-0.11609732195101	-0.51936274662538
9.72000000000000	0.22411239507409	0.83602747315272	-0.13728789635217	-0.78202645254795
9.73000000000000	0.25381602083477	0.86960496497555	-0.15825960131817	-1.03853302606640
9.74000000000000	0.28214687923524	0.89405568126641	-0.17860086824215	-1.28317250667942
9.75000000000000	0.30796531671101	0.90844218324913	-0.19795306755452	-1.51014182827653
9.76000000000000	0.33005169258898	0.91224139177337	-0.21599286337375	-1.71433771403012
9.77000000000000	0.34723700601237	0.90545325992094	-0.23254804118474	-1.89106640329416
9.78000000000000	0.35872504567578	0.88864871227488	-0.24747522689696	-2.03675190877472
9.79000000000000	0.36389501586886	0.86266865276186	-0.26061934733198	-2.14917013148061
9.80000000000000	0.36233659603088	0.82874204751585	-0.27182612190278	-2.22706490220701
9.81000000000000	0.35391057167428	0.78810480387172	-0.28092127858808	-2.27064084157159
9.82000000000000	0.33915679018287	0.74225084223204	-0.28782784353696	-2.28105230584497
9.83000000000000	0.31868474934208	0.69227802274548	-0.29240469541966	-2.26006666201426
9.84000000000000	0.29343279066946	0.63941385957017	-0.29447099914744	-2.21035721956226
9.85000000000000	0.26425778032210	0.58440055084173	-0.29402599031640	-2.13481898587256
9.86000000000000	0.23274907041263	0.52791113732627	-0.29097637608364	-2.03594457666415
9.87000000000000	0.19999131271123	0.47063193230156	-0.28540931413562	-1.91650969398747
9.88000000000000	0.16698001028707	0.41269504282505	-0.27746012879192	-1.77877409590846
9.89000000000000	0.13460645573101	0.35478986383525	-0.26732760015356	-1.62451318799575
9.90000000000000	0.10365790441609	0.29698821099605	-0.25532255837381	-1.45534875972464
9.91000000000000	0.07469186529414	0.24010780134841	-0.24174838362674	-1.27262728271361
9.92000000000000	0.04782484273777	0.18478021663135	-0.22694845373907	-1.07752421407775
9.93000000000000	0.02282871132771	0.13158969203552	-0.21131591077358	-0.87130960640096
9.94000000000000	-0.00044346404099	0.08129042325975	-0.19514225530341	-0.65543624689164
9.95000000000000	-0.02223866605732	0.03442073423897	-0.17878534170472	-0.43159532071554
9.96000000000000	-0.04351281788814	-0.00864580217983	-0.16237071861934	-0.20170675769361
9.97000000000000	-0.06474757437055	-0.04731413084828	-0.14644845188092	0.03204238756644
9.98000000000000	-0.08656619659551	-0.08219158960018	-0.13110824218586	0.26720318499484
9.99000000000000	-0.10932102048367	-0.11281751941578	-0.11670453213006	0.50136295789700
10.00000000000000	-0.13387189624009	-0.14027021971073	-0.10364022072501	0.73227965487950
